0.000000000000000000e+00 2.417973620823656411e+00
1.000000000000000000e+00 2.589143835895587831e+00
2.000000000000000000e+00 2.566985592645503189e+00
3.000000000000000000e+00 2.099153008186678715e+00
4.000000000000000000e+00 2.081897604966543636e+00
5.000000000000000000e+00 2.492583439592980010e+00
6.000000000000000000e+00 2.605882148308523050e+00
7.000000000000000000e+00 2.451620183604312775e+00
8.000000000000000000e+00 2.136927760521056374e+00
9.000000000000000000e+00 1.886148877559247428e+00
1.000000000000000000e+01 2.722330859047358498e+00
1.100000000000000000e+01 2.112294226530348595e+00
1.200000000000000000e+01 2.771501542977232724e+00
1.300000000000000000e+01 2.210895660189673428e+00
1.400000000000000000e+01 2.020035965246037790e+00
1.500000000000000000e+01 1.911848665682794213e+00
1.600000000000000000e+01 1.978597249446176098e+00
1.700000000000000000e+01 2.372767892863276273e+00
1.800000000000000000e+01 2.468897499772592319e+00
1.900000000000000000e+01 2.568226908714121404e+00
2.000000000000000000e+01 2.270400826367839464e+00
2.100000000000000000e+01 1.750220067196622598e+00
2.200000000000000000e+01 1.828991980970447351e+00
2.300000000000000000e+01 2.382972853087892418e+00
2.400000000000000000e+01 2.297942047842675528e+00
2.500000000000000000e+01 2.646976088912740277e+00
2.600000000000000000e+01 2.075453142643425508e+00
2.700000000000000000e+01 2.008223720247007904e+00
2.800000000000000000e+01 2.104727377696951507e+00
2.900000000000000000e+01 2.452050631923479607e+00
3.000000000000000000e+01 2.124270564504312286e+00
3.100000000000000000e+01 2.515672913052346082e+00
3.200000000000000000e+01 2.369590739895449882e+00
3.300000000000000000e+01 2.049736308735471635e+00
3.400000000000000000e+01 2.007745454676496788e+00
3.500000000000000000e+01 2.047368505659663551e+00
3.600000000000000000e+01 1.879881216697526058e+00
3.700000000000000000e+01 1.660799879192501161e+00
3.800000000000000000e+01 1.847508788615975339e+00
3.900000000000000000e+01 2.135055057978985094e+00
4.000000000000000000e+01 2.172608624359080753e+00
4.100000000000000000e+01 1.670223878499551340e+00
4.200000000000000000e+01 2.126494706249712152e+00
4.300000000000000000e+01 1.643496381868458256e+00
4.400000000000000000e+01 2.117963040732614211e+00
4.500000000000000000e+01 2.468698787342017642e+00
4.600000000000000000e+01 2.139826233747755602e+00
4.700000000000000000e+01 1.868558513811603206e+00
4.800000000000000000e+01 2.357406756196605890e+00
4.900000000000000000e+01 2.443859742816957947e+00
5.000000000000000000e+01 1.763408918702638717e+00
5.100000000000000000e+01 2.191371823841661293e+00
5.200000000000000000e+01 2.185164926921594031e+00
5.300000000000000000e+01 1.881285226910078157e+00
5.400000000000000000e+01 2.116771570347095288e+00
5.500000000000000000e+01 1.402009633989273141e+00
5.600000000000000000e+01 1.870055121169509338e+00
5.700000000000000000e+01 1.669528024576051095e+00
5.800000000000000000e+01 1.359031959064301409e+00
5.900000000000000000e+01 2.109524081348845392e+00
6.000000000000000000e+01 1.505196620486366932e+00
6.100000000000000000e+01 2.204008279252123614e+00
6.200000000000000000e+01 1.362394499479574028e+00
6.300000000000000000e+01 1.800608503843004193e+00
6.400000000000000000e+01 1.642909638814050721e+00
6.500000000000000000e+01 2.218514633070151731e+00
6.600000000000000000e+01 1.723433176174280046e+00
6.700000000000000000e+01 1.408209308744502897e+00
6.800000000000000000e+01 1.888783208886153808e+00
6.900000000000000000e+01 1.469142430750436379e+00
7.000000000000000000e+01 1.807068060364839912e+00
7.100000000000000000e+01 1.359173975199170270e+00
7.200000000000000000e+01 1.774763294697746963e+00
7.300000000000000000e+01 1.601189829109970875e+00
7.400000000000000000e+01 1.617363311546590410e+00
7.500000000000000000e+01 1.613169670246356269e+00
7.600000000000000000e+01 1.758189221355494603e+00
7.700000000000000000e+01 1.113910407521171875e+00
7.800000000000000000e+01 1.403855849018873059e+00
7.900000000000000000e+01 1.443738974326774560e+00
8.000000000000000000e+01 1.032265343764541932e+00
8.100000000000000000e+01 1.964451611892469529e+00
8.200000000000000000e+01 1.630923979305489269e+00
8.300000000000000000e+01 1.500117799045112887e+00
8.400000000000000000e+01 1.445959812929533239e+00
8.500000000000000000e+01 1.641814782128295569e+00
8.600000000000000000e+01 9.857573966365699158e-01
8.700000000000000000e+01 9.702709229325656715e-01
8.800000000000000000e+01 1.242689365855828010e+00
8.900000000000000000e+01 9.606916296999356009e-01
9.000000000000000000e+01 9.457224887633999266e-01
9.100000000000000000e+01 1.592212428042254491e+00
9.200000000000000000e+01 1.491844496312703772e+00
9.300000000000000000e+01 8.468942609183094383e-01
9.400000000000000000e+01 1.200392765957611463e+00
9.500000000000000000e+01 1.261486306667783719e+00
9.600000000000000000e+01 8.726121514106142119e-01
9.700000000000000000e+01 1.600619850942883282e+00
9.800000000000000000e+01 1.612591310405046885e+00
9.900000000000000000e+01 1.292289178933639260e+00
1.000000000000000000e+02 9.027580290192570578e-01
1.010000000000000000e+02 1.511824644060855594e+00
1.020000000000000000e+02 1.421324769537617438e+00
1.030000000000000000e+02 8.230660389517457931e-01
1.040000000000000000e+02 9.601548474398340360e-01
1.050000000000000000e+02 1.383488765945227739e+00
1.060000000000000000e+02 5.975722116123746153e-01
1.070000000000000000e+02 1.361133432348486938e+00
1.080000000000000000e+02 1.364125303566287917e+00
1.090000000000000000e+02 5.587657601259253815e-01
1.100000000000000000e+02 1.116857616917132479e+00
1.110000000000000000e+02 6.138000419505394989e-01
1.120000000000000000e+02 1.045945176698158452e+00
1.130000000000000000e+02 1.193149919936020265e+00
1.140000000000000000e+02 5.723808494705788785e-01
1.150000000000000000e+02 5.665382053198724233e-01
1.160000000000000000e+02 1.265093162023626316e+00
1.170000000000000000e+02 7.848335468070289922e-01
1.180000000000000000e+02 5.741656656680309556e-01
1.190000000000000000e+02 4.581391926327461617e-01
1.200000000000000000e+02 9.956574829577276020e-01
1.210000000000000000e+02 3.414923160587369777e-01
1.220000000000000000e+02 3.962429126724379413e-01
1.230000000000000000e+02 1.052104642514860355e+00
1.240000000000000000e+02 4.800497781796813079e-01
1.250000000000000000e+02 4.667987753342731638e-01
1.260000000000000000e+02 8.817151332172914469e-01
1.270000000000000000e+02 8.485147204824430300e-01
1.280000000000000000e+02 8.463190960145585695e-01
1.290000000000000000e+02 7.681200574230454547e-01
1.300000000000000000e+02 8.658426829617764664e-01
1.310000000000000000e+02 4.050583808518812834e-01
1.320000000000000000e+02 1.078730983129920551e+00
1.330000000000000000e+02 7.587301120627054640e-01
1.340000000000000000e+02 9.178796504872648310e-01
1.350000000000000000e+02 6.526259465880007715e-01
1.360000000000000000e+02 4.665176940304570641e-01
1.370000000000000000e+02 2.260110212677365338e-01
1.380000000000000000e+02 4.181106585046165947e-01
1.390000000000000000e+02 1.046226628118122726e+00
1.400000000000000000e+02 3.430681731783585819e-01
1.410000000000000000e+02 9.284102568777327091e-01
1.420000000000000000e+02 2.472881412372602838e-01
1.430000000000000000e+02 3.239820924320981899e-01
1.440000000000000000e+02 8.387563229376736595e-01
1.450000000000000000e+02 9.052640167696035522e-02
1.460000000000000000e+02 9.297581248801922715e-01
1.470000000000000000e+02 8.468485462721837553e-01
1.480000000000000000e+02 8.660565764965377777e-02
1.490000000000000000e+02 6.059925041961043979e-01
1.500000000000000000e+02 3.032488319179253988e-01
1.510000000000000000e+02 7.130772456439068430e-01
1.520000000000000000e+02 4.750705397540165853e-01
1.530000000000000000e+02 2.764984285993629110e-01
1.540000000000000000e+02 8.537140308708144332e-01
1.550000000000000000e+02 3.144820419488408847e-01
1.560000000000000000e+02 4.019713054681317566e-02
1.570000000000000000e+02 -3.109334059403123796e-02
1.580000000000000000e+02 4.916878985775424704e-01
1.590000000000000000e+02 -4.685800400291817436e-02
1.600000000000000000e+02 -5.537687400029456253e-02
1.610000000000000000e+02 5.174592472574005564e-01
1.620000000000000000e+02 7.737746580921633921e-02
1.630000000000000000e+02 2.276420218465221579e-01
1.640000000000000000e+02 4.597990925587043254e-01
1.650000000000000000e+02 7.934285634820305022e-01
1.660000000000000000e+02 -8.515939316746012899e-02
1.670000000000000000e+02 2.282051604153170210e-01
1.680000000000000000e+02 -1.231314292792929921e-01
1.690000000000000000e+02 7.750351241776293199e-01
1.700000000000000000e+02 8.116707426485303412e-01
1.710000000000000000e+02 7.169648315277423745e-01
1.720000000000000000e+02 -8.211454381140570469e-03
1.730000000000000000e+02 3.623922515931443655e-01
1.740000000000000000e+02 4.730055773624310955e-01
1.750000000000000000e+02 -6.739927069578599550e-02
1.760000000000000000e+02 3.776235234063716195e-01
1.770000000000000000e+02 1.119920786167195592e-01
1.780000000000000000e+02 7.855053372333150596e-01
1.790000000000000000e+02 1.336594079659708667e-01
1.800000000000000000e+02 2.432287544401470214e-01
1.810000000000000000e+02 -7.144361706256308064e-02
1.820000000000000000e+02 4.028943259272091959e-01
1.830000000000000000e+02 3.853808891678685011e-01
1.840000000000000000e+02 4.651364829167614623e-01
1.850000000000000000e+02 1.184969786581875351e-01
1.860000000000000000e+02 -1.651585860264059846e-01
1.870000000000000000e+02 7.198070064527735124e-01
1.880000000000000000e+02 5.918890042175571908e-01
1.890000000000000000e+02 1.931546804759810554e-01
1.900000000000000000e+02 6.765471477020894575e-01
1.910000000000000000e+02 3.741177389383347762e-01
1.920000000000000000e+02 7.825182081252690658e-02
1.930000000000000000e+02 -1.091052590265572109e-01
1.940000000000000000e+02 7.060598710088794583e-01
1.950000000000000000e+02 1.256431263038786383e-01
1.960000000000000000e+02 1.610793452325376407e-01
1.970000000000000000e+02 4.932987053235929897e-01
1.980000000000000000e+02 6.543847692499064062e-01
1.990000000000000000e+02 6.666863331258550129e-01
2.000000000000000000e+02 3.105082489966701775e-01
2.010000000000000000e+02 6.232925810425301583e-01
2.020000000000000000e+02 6.534221138074489676e-01
2.030000000000000000e+02 7.128582844570512389e-01
2.040000000000000000e+02 3.125013411704902211e-01
2.050000000000000000e+02 5.320702839488898883e-01
2.060000000000000000e+02 -1.024052783301310221e-03
2.070000000000000000e+02 8.811242359874172925e-01
2.080000000000000000e+02 6.085149075036651034e-01
2.090000000000000000e+02 7.539617799224402894e-01
2.100000000000000000e+02 2.813014501388120259e-01
2.110000000000000000e+02 7.312926680744110675e-01
2.120000000000000000e+02 4.383622229883077370e-01
2.130000000000000000e+02 5.840092582038086677e-01
2.140000000000000000e+02 8.502361140553559293e-01
2.150000000000000000e+02 1.130284019406612162e-01
2.160000000000000000e+02 3.098213256493054235e-01
2.170000000000000000e+02 -1.385950373208577613e-02
2.180000000000000000e+02 8.265430365882313613e-01
2.190000000000000000e+02 5.517790012896374163e-01
2.200000000000000000e+02 1.476274221928164376e-01
2.210000000000000000e+02 7.708376489571642232e-01
2.220000000000000000e+02 1.055028858226284560e-01
2.230000000000000000e+02 3.634118493970943664e-01
2.240000000000000000e+02 1.033587214539831711e-01
2.250000000000000000e+02 1.053235938138658678e+00
2.260000000000000000e+02 1.557197441933373394e-01
2.270000000000000000e+02 1.040464951896044710e+00
2.280000000000000000e+02 8.751132904834759696e-01
2.290000000000000000e+02 7.617328325626122609e-01
2.300000000000000000e+02 6.023234823669294524e-01
2.310000000000000000e+02 9.259702924438714122e-01
2.320000000000000000e+02 3.706492059004043993e-01
2.330000000000000000e+02 4.885907909692386308e-01
2.340000000000000000e+02 2.776858284528987975e-01
2.350000000000000000e+02 5.515267594558208586e-01
2.360000000000000000e+02 7.560864063603698337e-01
2.370000000000000000e+02 8.734494628872472299e-01
2.380000000000000000e+02 1.084572004712124116e+00
2.390000000000000000e+02 4.882117682447386642e-01
2.400000000000000000e+02 7.566796306411659456e-01
2.410000000000000000e+02 1.081063760128714524e+00
2.420000000000000000e+02 1.195905020556900400e+00
2.430000000000000000e+02 8.087065560436837997e-01
2.440000000000000000e+02 4.834164320311036267e-01
2.450000000000000000e+02 4.252305792143175056e-01
2.460000000000000000e+02 8.311490496797070415e-01
2.470000000000000000e+02 4.119988452969273185e-01
2.480000000000000000e+02 7.870817802550349462e-01
2.490000000000000000e+02 7.263927257811302329e-01
2.500000000000000000e+02 4.675734837113535436e-01
2.510000000000000000e+02 8.245166751250599946e-01
2.520000000000000000e+02 6.179154016301326990e-01
2.530000000000000000e+02 1.025170509095583826e+00
2.540000000000000000e+02 1.173132972406631946e+00
2.550000000000000000e+02 1.372064675328083183e+00
2.560000000000000000e+02 9.798198713906484114e-01
2.570000000000000000e+02 1.238154038962349102e+00
2.580000000000000000e+02 1.099670706718835600e+00
2.590000000000000000e+02 8.302731092823487646e-01
2.600000000000000000e+02 1.323435946673363617e+00
2.610000000000000000e+02 1.358165791347272444e+00
2.620000000000000000e+02 1.148674046303857166e+00
2.630000000000000000e+02 1.100138010349535733e+00
2.640000000000000000e+02 6.445053460855090233e-01
2.650000000000000000e+02 1.601117838077205313e+00
2.660000000000000000e+02 1.543817826136912874e+00
2.670000000000000000e+02 1.129980193457631010e+00
2.680000000000000000e+02 9.963705832633368287e-01
2.690000000000000000e+02 9.825896870901799085e-01
2.700000000000000000e+02 1.680810849074963587e+00
2.710000000000000000e+02 1.044113363535501771e+00
2.720000000000000000e+02 1.200641327302957251e+00
2.730000000000000000e+02 1.339464549149456118e+00
2.740000000000000000e+02 8.352897646101214990e-01
2.750000000000000000e+02 1.486584112172715244e+00
2.760000000000000000e+02 9.212632872194717049e-01
2.770000000000000000e+02 1.599569913665743304e+00
2.780000000000000000e+02 1.230693159373901224e+00
2.790000000000000000e+02 1.806479221290100412e+00
2.800000000000000000e+02 1.414852331123556795e+00
2.810000000000000000e+02 1.920789235057533073e+00
2.820000000000000000e+02 9.803861952804968638e-01
2.830000000000000000e+02 1.127349513681841220e+00
2.840000000000000000e+02 1.031160569704948848e+00
2.850000000000000000e+02 1.044520089714336297e+00
2.860000000000000000e+02 1.535738793233752508e+00
2.870000000000000000e+02 1.050723204697403101e+00
2.880000000000000000e+02 1.347436015423590039e+00
2.890000000000000000e+02 1.092261963684599158e+00
2.900000000000000000e+02 1.598398459546333861e+00
2.910000000000000000e+02 2.011759883668767124e+00
2.920000000000000000e+02 1.682233602767577718e+00
2.930000000000000000e+02 1.471458516149273477e+00
2.940000000000000000e+02 1.596548134274124120e+00
2.950000000000000000e+02 1.671700053857068102e+00
2.960000000000000000e+02 1.717801044256801468e+00
2.970000000000000000e+02 1.982974070485548079e+00
2.980000000000000000e+02 1.504485729314471110e+00
2.990000000000000000e+02 1.323851071889421860e+00
3.000000000000000000e+02 1.933005053800434414e+00
3.010000000000000000e+02 1.370119100492708242e+00
3.020000000000000000e+02 1.486485689611578787e+00
3.030000000000000000e+02 2.035662290445424905e+00
3.040000000000000000e+02 1.984901776900670045e+00
3.050000000000000000e+02 1.685646429277052771e+00
3.060000000000000000e+02 1.419264635770246530e+00
3.070000000000000000e+02 1.597658098174117303e+00
3.080000000000000000e+02 1.699346231727790535e+00
3.090000000000000000e+02 1.549210707099684114e+00
3.100000000000000000e+02 1.634676645233142267e+00
3.110000000000000000e+02 1.688245658207107258e+00
3.120000000000000000e+02 2.006349345958277741e+00
3.130000000000000000e+02 1.708380470603028112e+00
3.140000000000000000e+02 1.863278351451318038e+00
3.150000000000000000e+02 2.215008162738312691e+00
3.160000000000000000e+02 2.138797768637981545e+00
3.170000000000000000e+02 2.053168009716654474e+00
3.180000000000000000e+02 2.446967493677353112e+00
3.190000000000000000e+02 2.119120679168883026e+00
3.200000000000000000e+02 2.502883271897663242e+00
3.210000000000000000e+02 1.727911756890358586e+00
3.220000000000000000e+02 2.485136156859677481e+00
3.230000000000000000e+02 1.666352598700373111e+00
3.240000000000000000e+02 2.022419041477115709e+00
3.250000000000000000e+02 2.500920543077393088e+00
3.260000000000000000e+02 1.936780442728013085e+00
3.270000000000000000e+02 2.370111513452849206e+00
3.280000000000000000e+02 2.440688328523707096e+00
3.290000000000000000e+02 2.417809597342917893e+00
3.300000000000000000e+02 2.569572642555353781e+00
3.310000000000000000e+02 1.738595898139885909e+00
3.320000000000000000e+02 1.827507452046169822e+00
3.330000000000000000e+02 1.971464301548787379e+00
3.340000000000000000e+02 2.550853628380135518e+00
3.350000000000000000e+02 2.224709825072529235e+00
3.360000000000000000e+02 1.998929265241124131e+00
3.370000000000000000e+02 2.266674829054798224e+00
3.380000000000000000e+02 1.757685654453420732e+00
3.390000000000000000e+02 2.016456785997234213e+00
3.400000000000000000e+02 1.929174910580083502e+00
3.410000000000000000e+02 2.713265524148575025e+00
3.420000000000000000e+02 2.064341166420515350e+00
3.430000000000000000e+02 1.882656399018826310e+00
3.440000000000000000e+02 1.846703228965210331e+00
3.450000000000000000e+02 2.303060794070589168e+00
3.460000000000000000e+02 2.629594452411197381e+00
3.470000000000000000e+02 1.874536312218170186e+00
3.480000000000000000e+02 2.087200772115202607e+00
3.490000000000000000e+02 2.298216248556129493e+00
3.500000000000000000e+02 2.279331038816506450e+00
3.510000000000000000e+02 2.130580441352615040e+00
3.520000000000000000e+02 2.022319595487187982e+00
3.530000000000000000e+02 2.298238693151891443e+00
3.540000000000000000e+02 2.434345470324590366e+00
3.550000000000000000e+02 2.296873115685205136e+00
3.560000000000000000e+02 2.710105155373163655e+00
3.570000000000000000e+02 2.029205579319713237e+00
3.580000000000000000e+02 2.358906156112186014e+00
3.590000000000000000e+02 2.708490643978507695e+00
3.600000000000000000e+02 2.037035751752128476e+00
3.610000000000000000e+02 2.736992939597846952e+00
3.620000000000000000e+02 2.057438010693481978e+00
3.630000000000000000e+02 2.793423790818821306e+00
3.640000000000000000e+02 2.676018130936005157e+00
